===================参数初始值及上下限===================
参数名：x1  x2  x3  x4  x5  x6  
参数初始值：5.3  8.9  -9.8  3  -28.4  18.9  
参数下限：-30  -30  -30  -30  -30  -30  
参数上限：30  30  30  30  30  30  
初始参数函数值：6.38765e+07
===================SCE-UA搜索的结果===================
最优点:
x1  x2  x3  x4  x5  x6  
0.999812  0.998869  0.99768  0.996354  0.992386  0.984878  
最优函数值:0.000244629
52次洗牌演化的最优点函数值：
4.92447e+06  1.55545e+06  97415  14517.8  1751.61  1675.6  552.29  388.118  388.118  352.653  332.229  325.96  308.055  254.639  217.94  176.974  141.917  114.649  59.3991  24.9424  16.3874  7.94885  5.51331  4.36767  3.91434  3.54638  3.21177  3.11098  2.67046  2.59218  2.14319  1.4774  1.4774  1.36785  1.23349  1.01523  0.768097  0.450236  0.311698  0.311698  0.277714  0.20127  0.150037  0.0937996  0.0723941  0.0369871  0.0324179  0.00721972  0.0030461  0.0030461  0.00195031  0.000244629  