0.52
0.43
0.41
0.44
0.48
0.42
1.15
2.4
1.34
1.25
2.2
2.6
2.27
1.84
2.05
1.25
1.25
5.62
28.5
16.8
8.33
6.94
5.57
4.73
3.92
3.61
2.91
2.72
2.24
2.03
2.07
1.55
1.39
1.47
1.3
1.37
1.29
1.55
1.92
2.24
2.09
2.12
1.48
1.89
1.43
4.76
54.4
47.9
35.1
21.8
14.3
11.5
10.2
9.01
10.4
29
22.3
15.7
11.8
9.44
7.68
15.8
29.3
22.7
15.8
11.6
8.74
7.2
6.32
5.57
4.83
4.77
6.32
4.96
4.45
4.26
20.2
32.7
30.7
20.6
15
12.5
12.2
31.5
27.7
19
13.9
11
9.02
7.12
7.09
22.5
82.3
59.7
36.3
23
16.4
12.9
10.1
8.47
15.6
118
132
58.5
33.8
21
15.3
11.6
9.55
8.04
6.57
11.4
12.1
20.9
15.3
11.6
9.59
114
113
48.1
34.8
34.3
28.1
20.6
15
11
8.47
6.95
7.54
15.2
48.5
40.9
29.8
20.2
13.9
11.6
8.74
6.73
5.67
5.08
6.06
92.2
123
43.9
22.6
15
72.8
183
72.5
34.5
19.4
13.9
10.4
7.2
27.4
39.2
20.6
16.1
11
23.5
20.8
21.3
17.4
12.5
9.55
8.2
48.9
294
133
54.5
27.2
18.9
24.4
19.4
13
9
7.93
16.2
24.7
20.2
14.6
11.9
15.4
98.3
164
60.5
37.4
29.3
14.9
13.1
14.9
9.4
7.06
5.47
4.64
5.51
5.34
3.83
3.27
3.09
2.63
2.24
1.89
1.92
1.9
24
31
10.1
5.95
4.4
3.95
4.42
3.63
3.22
2.94
2.64
2.66
2.88
4.18
5.64
4.17
4.42
3.16
2.57
2.18
1.92
2.08
2.48
2.27
1.85
1.68
1.47
1.47
1.62
1.45
1.54
1.78
1.36
1.73
5.1
24.4
33.8
27.3
82.9
141
61.7
27.1
38.3
38.6
25
16.2
11.6
8.45
6.67
5.75
4.64
4.25
3.89
3.82
3.29
2.96
2.68
2.38
2.41
2.29
2.16
2.02
1.9
1.86
1.94
1.87
1.81
1.56
1.64
1.54
1.49
1.29
1.43
1.25
1.2
1.1
0.79
0.88
1
0.99
0.81
0.87
1.22
6.41
4.2
2.48
1.87
1.56
1.51
1.16
1.05
0.99
1.04
1.47
14.1
10.9
5.93
4.23
3.44
3.19
2.97
2.48
2.5
2.51
2.8
2.52
2.78
3.25
3.65
3.21
2.89
2.91
3.2
3.36
3.21
2.93
2.74
2.41
2.27
2.14
1.87
1.95
1.3
1.69
1.63
1.59
1.55
1.58
1.19
1.35
1.39
1.2
0.99
1.2
1.22
0.98
1.03
1.09
1.05
0.97
1.09
1.12
0.94
1.01
0.89
0.91
1.06
0.96
0.85
0.86
0.86
1.36
1.82
0.85
1.41
0.98
1.11
1.84
1.72
1.43
1.34
1.27
1.05
1.13
1.1
1.12
1.05
1.12
1.53
2.44
1.82
2.17
1.85
1.62
16
14.4
7.99
5.57
4.63
3.77
3.26
3.03
2.89
2.49
2.32
2.18
2.01
1.88
1.55
1.45
1.53
1.44
1.3
1.45
1.2
1.27
1.19
1.7
5.99
6.92
5.98
10.5
8.58
17.1
38
22
23.4
43.5
55.2
34.2
21.3
22.9
91
65.1
37.4
23.8
16.5
12.9
13
17.2
15.5
13.9
13.1
11.3
9.59
7.87
6.65
6
5.48
6.17
5.26
4.65
38.5
30.3
20.7
16
12.8
10.3
8.71
7.1
7.23
11.1
29.9
38.1
23.6
17.1
13.6
12.3
10.4
8.99
7.68
7.26
18.5
16.1
13.5
10.8
9.33
8.15
6.81
35.1
54.9
91.3
39.4
23.1
15.7
11.6
9.21
7.43
29.3
29.1
28.4
52.5
30.4
18.5
13.1
10
8.02
7.22
23.7
36
25.8
19.7
67.3
45.9
27.9
18.3
13
9.74
8.25
7.37
6.32
5.65
5.01
4.77
4.48
3.89
4.88
3.96
3.43
3.1
2.87
3.14
11.2
18.5
11.4
7.55
5.96
5.11
4.78
30.9
27.7
18.2
12.5
9.59
8.02
6.51
5.37
51.8
80.2
36.1
10.7
12.8
9.85
10.1
138
148
47.4
26.9
18.4
12.5
9.47
7.66
7.22
6.92
5.55
5.11
4.4
35
31.9
19
49.7
85
281
67.2
33.1
19.6
13.6
10.2
7.91
6.75
5.7
5
4.57
4.18
3.57
3.34
3.16
2.84
2.72
2.56
2.55
2.28
2.14
1.87
1.95
1.66
1.46
2.56
2.34
2.09
1.9
1.33
1.25
1.37
1.53
6.52
4.84
3.03
2.6
4.4
4.28
4.53
4.88
4.26
3.63
2.72
2.34
2
1.62
1.6
1.33
1.35
1.41
3.33
2.7
2.07
1.95
1.56
2.04
1.44
1.28
1.17
1.32
1.19
1.41
1.37
1.17
1.18
1.14
1.02
0.93
0.93
1.03
25.8
30.5
12.2
10.7
7.27
7.16
5.51
4.07
3.57
3.14
2.71
3.44
6.77
18.3
8.8
6.38
5.02
4.36
4.01
3.55
5.13
5.8
9.72
8.94
6.78
5.14
4.03
3.56
3.15
2.75
2.54
2.7
1.95
2.44
1.94
1.68
2.08
1.55
1.63
1.58
1.72
1.58
1.58
1.73
1.98
1.53
1.33
1.33
1.33
1.18
1.15
1.21
1.24
1.15
1.25
1.23
1.21
1.15
12.7
32.3
19.1
10.7
7.26
5.24
4.38
3.81
3.47
3.3
3.06
3.05
19.9
18.9
11.8
8.46
6.76
5.64
5.8
4.3
4.02
3.6
3.35
2.89
2.76
2.42
2.38
2.24
2.17
2.11
1.94
1.99
2.05
1.76
1.87
2.47
3.48
2.56
2.44
2.22
2.51
2.88
3.29
4.23
3.44
3.34
2.93
2.71
2.38
2.36
2.29
2.39
10.5
10.1
10.8
9.08
7.83
7.53
7.77
7.69
9.25
10.9
11
10.4
10.9
10.3
8.92
7.92
6.82
6.21
5.71
5.62
6.1
14.1
33.9
22.2
19.5
31
26.6
26.2
24
19.4
14.9
11.7
9.61
8.04
6.98
6.44
5.87
5.27
8.56
9.5
8.29
8.26
11
10.4
9.39
37.7
38.6
41
29.4
19.1
13.2
10.4
8.24
6.95
5.85
5.37
4.85
4.48
4.16
4.4
20.3
70.8
35.2
21.1
15.4
37.5
49.6
29.2
34.5
34
26
27.8
36.8
43.5
30.8
28
29.1
21.9
16.1
12.2
9.6
15.3
35.3
23.3
17.6
22.3
40.7
65.3
61.4
42
30.3
24.5
17.2
12.9
9.84
8.2
6.91
13
14
11
14.1
89.1
126
62.6
31.4
21.8
23.6
54
133
238
62.6
34
21.5
14.6
11
9.66
8.6
8.39
7.74
25.5
31.3
20.3
18
16.6
13.3
12.7
42.1
54.9
33.7
39
26.7
18
14.6
11.4
8.79
7.43
6.3
5.28
4.54
4.23
200
106
48.7
148
113
72.3
33.8
19.3
67.3
52.2
28.9
18.5
15.9
12.3
9.68
12.8
9.04
7.59
14.8
12.5
57.2
109
54.3
39.6
42.3
38.3
29.6
24
40.6
45
30.7
31.4
31.5
25.6
18.6
13.3
10.1
8.16
7.23
6.12
5.46
4.93
4.65
4.42
5.31
18.8
17.3
65.2
29.2
25.6
41
22.6
13.8
9.58
7.6
6.62
5.51
4.89
4.19
3.93
3.64
3.29
3.26
2.95
2.83
2.67
2.33
2.3
2.08
2.16
2.21
2.19
2.06
13.3
29.8
25.7
13.4
7.94
5.99
5.16
24.4
43.7
16.5
9.53
6.9
5.73
5.11
4.42
4.3
3.55
3.11
2.8
2.78
2.63
2.36
2.06
2.07
2.03
1.76
1.71
1.6
1.56
1.12
1.33
1.22
1.24
1.08
1
1.27
2.06
4.8
3.27
10.3
5.53
3.63
2.87
2.68
1.66
1.75
1.72
1.3
1.57
1.45
1.38
1.26
1.12
1.09
0.95
1.01
0.97
0.99
0.98
0.95
0.91
0.9
0.77
0.74
0.72
0.67
0.76
0.76
0.67
0.59
0.58
0.48
0.51
0.53
0.57
0.5
0.63
0.65
0.81
0.74
0.61
0.54
0.47
0.47
0.46
0.37
0.47
0.42
0.34
0.2
0.18
0.34
0.16
0.21
0.18
0.18
0.14
0.2
0.23
0.23
0.28
0.43
0.31
0.34
0.34
0.34
0.34
0.35
0.34
0.34
0.31
0.26
0.23
0.22
0.42
0.21
0.36
0.91
0.28
0.82
0.69
0.52
0.56
0.58
0.52
0.13
0.17
1
0.16
0.71
0.3
0.14
0.45
0.17
0.13
0.16
0.18
0.19
0.2
0.2
0.2
0.2
0.2
0.2
0.2
0.2
0.21
0.36
0.98
1.83
2.64
1.41
0.25
1.67
0.96
1.41
1.81
2.47
1.62
3.42
3.07
1.99
1.65
1.05
1.08
0.81
0.88
1.11
1.11
0.81
0.8
0.68
0.64
0.65
0.62
0.64
0.54
0.41
0.5
0.56
0.55
0.55
0.53
0.71
5.49
4.01
2.78
12.1
12.9
6.63
4.37
3.35
2.74
2.74
2.62
2.5
2.5
2.5
2.29
2.51
2.74
2.39
2.51
3.37
5.4
4.87
4.14
3.44
3.1
2.82
2.5
2.28
2.04
7.72
6.69
5.8
6
22.3
32.9
21
12.5
8.63
6.61
5.6
4.53
4.2
3.62
3.28
6.76
35.7
39.1
23.6
28.3
85.1
63.6
59.5
79.4
101
99.4
78.9
44.2
35
25.9
19.1
16.3
12.9
10.7
8.86
7.47
6.4
42.9
38.9
21.7
22.3
24.5
17.3
12.6
9.63
7.91
6.4
5.42
4.69
4.53
4.2
3.62
12.4
16.2
10.4
8.63
6.81
6
5.6
4.87
11.2
16
12.1
16.1
12.7
11.3
9.37
8.45
40.8
52.8
30.5
19.8
14.1
11
9.13
8.19
11.6
10.1
139
49.1
24.4
15.3
11.3
8.63
7.03
6.2
5.22
5.04
4.2
3.62
3.48
4.28
3.76
3.1
2.86
2.91
15.3
6.83
6.38
9.16
6.2
4.7
3.9
3.35
2.98
3.22
3.66
16.2
61.9
69.7
26.1
14.7
10.7
8.86
54.3
64.2
33.8
38.3
62.2
38.7
22.8
15.3
12.1
14.1
104
370
136
48.6
29.7
20.2
15.3
13.2
11.8
18.2
21.9
15
11.3
9.37
7.68
6.61
5.22
5.22
5.25
3.9
5.2
11.8
5.08
3.9
3.62
4.04
3.63
2.62
2.28
2.1
2.56
2.61
1.86
1.78
1.86
1.78
1.86
1.56
1.46
1.78
1.56
1.33
1.19
1.41
1.63
1.41
1.33
1.19
1.13
0.95
0.95
0.84
0.75
0.8
0.67
0.75
0.75
0.84
0.84
0.84
0.75
31.3
11.2
5.08
3.42
2.62
2.02
1.78
4.67
8.78
4.95
3.9
2.98
2.76
3.31
6.86
25.8
15
11.3
8.16
6.2
4.87
3.9
3.35
3.1
2.86
2.19
1.94
1.86
1.82
1.7
1.56
1.52
1.41
1.48
1.63
1.63
1.33
1.13
1.01
1.01
1.01
1.01
0.84
0.84
0.84
0.75
0.67
0.71
0.64
0.61
0.61
0.61
0.61
0.61
0.59
0.56
0.56
0.56
0.56
0.56
0.56
0.55
0.55
0.53
0.53
0.53
0.53
0.55
0.62
0.89
0.9
0.77
0.64
0.56
0.56
0.56
0.56
0.56
0.56
0.56
1.02
1.31
1.07
0.68
0.61
0.61
0.56
0.56
0.56
0.56
0.56
0.53
0.53
0.53
0.53
0.53
0.53
0.56
0.65
0.61
0.61
0.56
0.52
0.57
1.43
2.03
1.25
0.9
0.67
0.71
0.67
0.67
0.71
1.37
2.51
1.87
1.19
1.2
1.87
2.62
2.19
1.86
1.85
1.69
1.55
11
8.7
7.35
8.01
6.74
6.55
7.22
15.7
16.3
12.4
13.5
13.9
10.2
7.37
5.97
4.97
4.41
3.91
3.56
3.41
3.14
2.93
2.64
2.35
2.26
1.97
1.87
1.87
1.78
1.93
1.64
1.67
1.64
1.52
1.55
1.5
1.47
1.33
1.3
1.25
1.21
1.16
1.26
1.97
2.55
2.05
8.05
45.9
51.7
25.3
14.5
11
8.24
7.24
14.8
22.5
16.2
11.8
9.16
7.57
6.34
6.53
5.62
4.97
4.54
4.28
4.03
4.03
3.72
4.58
11
8.32
6.97
5.98
5.13
4.73
4.48
4.24
7.16
24.4
27.4
44.2
68.3
80
52.3
28.5
17.4
12.4
9.65
7.86
8.18
8.4
7.05
6.15
5.45
4.82
4.54
4.28
4.73
4.36
4.73
6.23
23.5
16.3
11.8
9.15
7.58
6.37
5.45
4.82
4.41
4.03
3.5
3.35
29.1
52.5
26.2
17.9
24.5
30.5
22
15.8
34.2
34.7
27
22.3
17
12.5
10.3
8.17
22.7
20.7
16.9
17.3
19.9
28.3
26.3
53.3
47.3
25.7
17.1
11.5
9.23
14
32.6
21.1
15.1
11.4
95.1
72
32.1
23.8
35.5
25.8
18.5
13.5
10.4
8.57
6.83
6.38
38.1
51.4
41.9
23
15.2
32
129
128
258
203
64.1
45.1
42.2
26.2
17.7
12.5
10.1
468
110
43.3
201
457
170
138
68.1
37.2
36.1
38.8
24.7
16.8
12.4
9.73
8.16
7.31
6.59
6.08
79
29.7
16.8
12.1
10.6
13.6
15.8
17.5
15.3
12.8
10.1
9.2
8.81
8.16
6.89
5.98
5.21
4.72
4.59
9.08
12.1
9.3
6.89
5.87
10.7
22.5
15.6
16.3
21.8
45.9
112
60.9
31.5
43.6
27.2
18
13.3
10.6
8.67
7.45
6.37
5.71
5.18
5.06
4.63
4.09
3.74
3.54
3.27
3.24
3.07
2.53
2.51
2.39
2.37
2.47
2.51
2.36
2.27
2.14
2.01
2.1
2.6
2.73
2.58
3.35
3.14
2.72
2.74
1.9
1.89
1.91
2
2.7
2.61
2.21
1.77
1.6
1.71
1.56
1.38
1.39
1.45
1.38
1.33
1.32
1.35
1.35
1.43
1.62
1.81
9.77
5.09
2.96
2.12
2.16
1.64
1.47
1.4
1.73
1.84
1.91
2.1
2.6
2.33
1.85
1.79
1.86
1.67
1.55
3.69
9.4
5.13
34.2
31.9
13.5
14.8
13
10
7.52
6.22
5.93
5.16
4.48
6.54
13
10.4
8.34
6.63
5.84
5.06
4.43
3.9
3.52
4.89
5.17
4.69
5.9
8.07
6.94
5.98
5.3
4.75
4.24
3.85
4.24
3.24
3.81
5.48
4.17
4.16
4.01
3.75
3.66
3.38
3.23
2.88
2.81
2.68
2.64
2.42
2.38
2.24
2.17
2.11
2.1
1.97
1.92
1.81
1.84
1.73
1.64
1.79
2.44
2.24
2.01
1.78
2.16
4.02
3.71
2.99
2.81
4.44
13.1
9.17
7.56
6.05
5.54
4.99
4.28
4.17
3.9
3.69
3.43
3.19
2.89
3.29
5.18
5.17
4.7
4.69
14.8
20.6
13.8
11.5
8.79
8.03
45.4
34.4
20
32.2
36.3
23
15.9
11.9
9.77
7.92
6.63
5.85
5.69
14.1
13.4
10.8
9.24
8.04
6.93
6.19
5.8
5.22
5.01
4.74
5.2
6.37
8.13
10.8
9.92
24.1
38
25.4
17.3
13.4
12
10.2
8.98
8.28
7.49
6.57
5.88
5.27
4.57
4.29
4.61
5.11
5.8
6.93
5.97
4.06
3.78
3.84
4.12
14.4
15.9
16.5
17.3
13.2
12.5
31.4
31.5
26.8
18.1
12.8
9.79
9.19
14.8
21.8
32
48
24.1
14.3
12.1
11.9
10.6
9.63
8.56
7.51
7.06
5.85
5.42
4.63
4.08
3.83
3.6
3.3
3.2
3.01
3.1
5.32
3.84
4.99
115
38.4
17
13.2
9.92
7.43
6.15
30.2
28.9
17.2
15.3
13.9
9.84
8.52
7.82
6.48
5.48
4.59
4.94
4.3
3.72
3.47
3.25
2.96
3.29
3.11
77.8
458
82.1
274
312
77.9
33.9
47.3
159
67.3
32.4
20.5
16
12.6
11.4
10.6
8.77
7.55
14.5
11.6
9.26
7.54
6.49
5.72
4.19
3.95
3.5
3.84
3.12
2.85
2.7
2.93
2.32
2.65
7.19
5.53
4.05
3.45
3.22
9.63
5.37
3.63
3.79
4.68
2.94
2.29
1.98
0.89
1.24
0.65
0.64
0.55
0.5
2.88
2.4
2.11
1.45
1.54
1.65
1.23
1.37
1.02
1.04
1.03
1.02
0.98
0.93
0.97
0.95
0.56
0.24
0.85
0.67
0.68
1.44
8.31
4.72
2.86
1.76
1.41
1.11
1.7
5.48
2.82
1.48
7.46
19.1
7.88
10.2
7.71
6.52
5.2
4.42
2.86
1.68
1.49
1.5
1.32
1.11
1.04
1.04
1.07
0.99
0.92
1.08
1.71
1.58
1.12
1.07
0.85
0.92
0.93
0.94
0.87
0.73
0.95
0.64
0.73
0.73
0.75
0.95
0.62
0.63
0.74
0.79
0.76
0.68
0.69
0.7
0.66
0.79
0.97
0.68
0.7
0.62
0.62
0.63
0.45
0.41
0.4
0.42
0.4
0.4
0.39
0.38
0.38
0.39
0.39
0.36
0.36
0.52
0.35
0.35
0.36
0.35
0.36
0.36
0.35
0.36
0.36
0.37
0.37
0.38
0.37
0.37
0.42
0.5
0.46
0.46
0.43
0.4
0.41
0.42
0.43
0.43
0.42
0.78
4.3
2.98
1.98
3.43
2.9
3.63
11.1
7.06
11.7
11.8
11
8.19
6.02
5.36
4.54
4.45
4.72
5.55
7.4
6.44
5.34
4.44
3.26
2.93
2.21
2.05
1.57
1.12
1.62
1.58
1.49
6.47
9.16
6.43
5.1
4.04
3.37
2.82
2.71
2.9
3.47
3.34
3.37
2.78
2.71
2.46
2.27
2.8
3.93
4.24
13.2
25.4
17.4
12.2
11.7
13.6
12
9.69
8.18
5.36
5.28
4.57
3.99
3.44
3
2.81
2.49
2.72
2.11
2.3
1.98
2.72
4.24
5.33
4.29
3.66
3.63
9.14
11.4
10.3
8.31
8.77
8.11
7.43
6.75
5.29
4.93
5.2
4.49
3.48
3.32
2.99
2.84
2.25
2.07
1.7
11.5
16
10.5
8.58
6.32
6.16
26.9
41.2
46
32.9
20.1
13.9
11.3
9.37
12.1
13.6
24.9
22.7
16.7
13
14.1
41.6
30.9
20.2
14.9
11.5
9.76
8.52
7.26
5.81
5.66
14.6
15.9
15.9
13.1
64.5
224
76.1
35.4
27.8
26.9
33
26.1
39
40
80.8
70.3
57.4
35.3
24.6
24.1
95.7
85.8
43.4
72.6
98.5
39.4
22.2
15.2
11.5
8.6
7.61
6.96
5.89
5.6
5.34
5.58
4.99
4.93
5.58
4
3.56
152
68.8
35.1
20.5
14.5
119
79
35.4
29.5
46
130
300
175
51.3
101
48.3
24.6
16.5
26.1
34.6
22
15.3
12.1
12.6
9.65
8.48
16.9
22.8
17.8
14.5
11.6
27.5
34.7
51.3
105
153
228
71.4
33.8
21.3
15.8
13.4
122
230
107
37.6
21.8
18.7
18.5
15.4
12.2
10.1
8.54
7.61
6.36
5.3
4.84
4.51
3.66
3.73
3.27
3.05
2.68
3.62
5.83
3.31
2.75
2.46
2.32
2.19
1.89
1.8
1.61
1.51
1.89
5.48
3.3
2.38
1.99
1.7
4.43
3.44
3.18
1.23
1.59
1.42
1.04
20.1
13.2
5.6
4.33
3.91
2.69
2.25
2.8
3.84
4.13
4.2
4.01
3.58
2.51
3.73
2.59
2.59
1.17
0.63
0.65
0.62
0.58
0.56
0.48
0.49
0.46
0.43
0.49
0.49
0.63
0.47
0.38
0.6
1.28
0.54
0.64
0.46
0.23
0.44
0.39
0.4
0.48
0.38
0.37
0.42
0.39
0.46
0.44
0.44
0.4
0.46
8.35
13.4
5.97
3.37
2.38
1.73
1.35
1.12
0.94
0.82
0.84
0.76
0.72
0.73
0.65
0.62
0.6
0.77
0.57
0.55
0.56
0.58
0.54
0.53
0.53
0.5
0.49
0.43
0.41
0.46
0.48
0.38
0.44
0.41
0.3
0.2
0.25
0.3
0.34
0.37
0.46
0.44
0.41
0.41
0.39
0.39
0.39
0.38
0.37
0.39
0.38
0.35
0.33
0.34
0.36
0.36
0.36
0.36
0.36
0.36
0.36
0.36
0.35
0.33
0.33
0.34
0.4
0.34
0.33
0.33
0.33
0.33
0.44
0.85
0.78
0.73
0.53
0.42
0.39
0.38
0.35
0.34
0.35
0.33
0.33
0.33
0.33
0.33
0.33
0.33
0.33
0.33
0.33
0.33
0.33
0.35
0.51
0.65
0.57
0.42
0.5
1.2
2.39
3.97
5.17
3.05
4.28
4.6
3.86
5.26
8.87
7.88
5.58
4.45
4.12
3.74
3.16
3.79
2.88
3.26
2.25
1.83
1.59
2.18
0.99
1.12
1.2
1.19
1.19
1.01
0.93
1.01
0.87
0.98
0.9
1.12
1.26
1.07
0.87
0.97
0.87
1.05
0.9
0.9
1.04
1.12
1.25
1
1.15
1.21
1.1
1.14
1.03
1.11
0.89
6.37
8.99
4.92
3.83
2.9
2.66
16.6
69.5
23.7
54.5
56.3
48.9
50.9
27.9
18.1
14.9
26.1
30.2
54.8
73.2
62.5
70.7
46.3
27.3
40.8
29.8
19.7
13.9
10.1
8.24
7.55
10.7
15.6
21.4
16.8
13.2
10.4
8.55
7.7
7
6.31
151
202
47.1
25.3
16.4
12.5
9.67
7.25
6.24
5.31
4.68
5.86
8.65
5.45
4.27
11.7
32.9
17.5
12.4
12.6
11.6
9.61
7.79
7.05
5.93
4.88
5.07
4.89
6.37
5.14
5.14
4.64
4.41
4.04
3.16
2.96
2.93
2.73
2.81
2.53
2.26
2.25
2.01
1.88
3.26
3.91
15
29.3
89.8
40
20
13.1
9.64
8.01
10.4
7.77
6.29
5.26
4.29
5.51
3.63
53.8
21.6
373
84.4
34.4
20.6
18.6
212
113
75.1
41.7
41.2
396
666
605
137
41.6
26.3
106
96.2
39.4
28.5
54.4
158
81.3
46
37.6
46.4
53.8
30.6
20.1
14.8
12.3
10.8
9.37
7.09
6.05
5.25
5.12
4.08
3.6
3.09
3.23
2.87
3.47
3.61
3.67
3.66
3.44
3.33
3.17
3.36
4.95
2.96
3.03
5.54
5.84
3.77
3.57
2.37
2.64
4.23
9.37
5.13
3.29
6.17
4.98
4.45
3.64
3.29
2.81
4.32
4.78
13.3
21.5
10.7
7.11
5.67
4.38
4.56
3.95
2.78
2.43
2.79
3.17
3.53
2.63
2.42
2.44
5.64
4.52
5.02
4.22
4.68
2.78
2.84
3.11
2.84
2.74
2.04
1.75
1.57
2.42
2.05
2.23
1.51
1.45
1.42
1.25
0.85
1.12
7.84
21.2
16.5
11.1
9.04
8.13
6.64
3.94
5.64
5.01
6.06
6.03
3.7
5.12
5.18
4.03
4.66
3.57
4.61
4.22
4.59
3.85
3.13
3.04
2.86
2.38
1.91
2.6
2.54
0.85
0.86
0.9
0.87
1.47
1.13
1.79
1.48
0.73
1.37
1.17
0.68
0.96
0.81
0.46
0.54
0.54
0.35
0.35
0.36
0.36
0.47
0.62
0.69
0.93
0.98
1.87
0.54
0.44
0.87
1.67
1.95
2.14
1.42
1.32
1.16
2.08
1.5
0.63
0.39
0.37
0.36
0.37
0.37
0.37
0.36
0.37
0.39
0.43
0.35
0.34
0.34
0.33
0.33
0.33
0.33
0.35
